0
4.128510095
8.491479247
4.602822223
0.017928475
27.51362649
10.45376227
325.8574977
10.00206562
0
0
0.063656471
0
0.913516121
0
0.391575839
0
1.571036519
2.486968458
2.662706074
0.860934884
0.05987344
0.28176007
0.022352879
0
0
0
1.064003627
1.380462631
4.763603213
0.581384937
14.67882849
16.42471639
15.09798601
59.58689027
20.25851422
1.028754351
20.16704576
38.72365572
31.78113364
19.75696944
1.888462725
7.525130241
0.410883781
0.345775959
0
0
0
16.36169506
1.802508628
15.32807953
55.39071977
8.173440334
7.30836311
6.419215238
0.213232028
1.86387784
0.183668895
0.082407506
0.08428808
5.498600464
34.44312854
14.74677337
0.813700612
0
4.796711296
3.828666403
4.994429791
0.631664145
0
0
0.036163961
0
0.091768472
0.02325531
1.266105168
13.59925991
0.071002176
13.05307501
4.963258301
39.31841956
7.580536497
18.11381944
0
2.894593949
65.2201879
0
0
0
0.534636455
2.320115099
0.452476767
0.530289515
1.228565898
0.11515617
0.023053445
10.05162927
0
0.040650949
0
0.049090228
0
0
0.034159642
1.558038369
15.70905225
0
2.177179212
8.374922603
0.11578529
19.80511073
0.102928938
8.515429542
0.763817476
0
0.228946879
0.028405225
0
0.401292722
0
0.532057614
8.276418944
4.865848763
0.428254036
3.925758646
1.202307008
14.63626721
0
0
0
0
0
0.471080096
0
9.034152017
0.09105051
16.4138846
0.387599805
2.332281718
6.529896457
0
18.96985923
0.438568309
13.54608566
0.018270497
1.204900074
0
0
0
0.034973996
0
0
0
0
0
0
0
0
0
0
0
0
24.91147998
13.778258
0
0.289337948
0.069636277
3.068362148
5.534575143
119.4637224
0.551222226
0.302433474
5.156797256
4.207954176
0.289868596
0.268603272
5.970483645
1.889381786
0.742188904
4.627253931
6.621715039
4.515598946
11.6778751
0
3.07892041
4.284367544
0.022440847
5.950822302
2.18015522
0.801822842
2.085579454
0
0.375648728
0.910936185
0
0.830709808
0.022046416
0.048482772
0.014534186
2.489703759
0.191478726
1.166004094
0
2.584585879
19.39733206
0
14.13844244
0
0.492901233
1.653423784
0.267829729
4.206214525
11.82492488
0
34.62168898
0.325996451
0.099218556
8.110703471
0.379200243
1.528573707
0
0
0.583333565
0.109259737
1.926275526
5.566173339
5.473041812
3.212731333
1.980336014
19.57611134
12.41881343
24.04526487
0
0
4.174047385
0
0.061959381
0
0
0.108817165
0
32.17359462
2.567911484
74.55533243
19.75740708
0.484050894
7.091158332
0.386609626
3.44119461
0.017228785
4.583543822
4.420629296
22.75485929
55.27649361
2.251021397
0.083197242
0
0
0
0.341664255
0.058519795
0.11735207
0.167347901
0.406981054
15.78761009
18.5170028
56.68407948
8.867101716
0.008183944
0
10.14665362
0.41292541
2.16080023
0.55732523
0.294711173
58.69146215
9.97847638
0.754742841
0
0
5.051367816
0.251243958
0
0
1.123409987
149.3397737
1.635797505
0
0
0.11232021
0.028002151
0.653260988
0.140697317
0.380415811
41.26595384
10.16452061
26.48274626
0
0.405090414
0
1.128541412
0.041611368
17.75647972
0.915672632
9.019786216
3.196921293
23.02948351
0.421944244
1.103464173
0.979130521
0.049616281
0
0
0.17640503
0
0
371.8083656
5.2706186
0.982886636
1.898211338
1.310285749
0.206107116
1.055356794
11.32152009
0.331198993
3.914095323
3.552379124
1.079691125
22.57257883
0.033559845
0.068060962
58.14779373
2.130558743
10.06184835
2.055874085
26.18777141
1.447061738
1.517446503
10.81419835
0.063451542
38.87923964
10.72337542
8.929466578
1.142217917
0
7.565317283
0.309313303
1.037855244
0.055345642
4.283645424
0
0.034074519
0
0
0.4703164
87.53739903
4.523782966
55.61468622
0.947537794
0.116963657
0.955203202
0.546583156
3.431621057
13.3019874
0.067043102
0.647781633
0
124.2603462
15.33092424
53.36791001
1.341577592
0.68432963
20.73380011
0.561617464
62.64681675
17.79827512
0.621393637
0
0.287169401
0
9.831109305
26.24291508
13.60407404
0
25.54596039
12.62188217
29.19791541
0.063474081
0.027017333
0.006711892
0
0.013911522
0
0.06986648
0.017943684
0.436092315
33.05534624
0.047004834
87.48816362
49.90906723
4.104308152
2.199564915
18.23439151
12.38500511
9.626005498
69.30322635
5.873632109
15.27523352
3.864312846
2.635342123
0
6.300010823
0.194587122
16.05348134
12.04254543
35.45081341
15.29853828
0.282323542
154.0204207
0
11.33946367
27.51318884
2.295497391
0
0.14196212
28.73488366
0.604719243
0.14628499
57.10422171
38.11401184
0
0.14885289
0.963301881
21.18753184
0
0.087139249
45.4226266
68.03787612
0
3.93387702
16.02612834
5.473129342
5.500974706
11.26462583
7.507011607
1.798941795
0.40872727
1.582382548
4.911451701
0.238529185
65.48036973
0.141731261
13.41774534
22.57279766
13.47639019
1.30048243
2.267411321
9.304574811
54.48227162
0
2.900228669
29.95362436
22.239638
13.54542919
0
14.3689736
0.611500601
0.20261906
4.396339824
17.55833452
0
7.615581173
41.93730611
0
13.64357179
0.60138874
0
9.696083908
8.558975534
13.87968296
